%overall material balance
A = [2.8   0    0   0   0  -0.8   0   0   0   0
     -2  2.8   0   0   0    0   -0.8 0   0   0
     0    -2   2.8  0   0    0    0  -0.8 0   0
     0     0   -2  2.8  0    0    0   0  -0.8 0
     0     0    0  -2  2.8   0    0   0   0   -0.8
   -0.8    0    0   0   0   1.8  -1   0   0   0 
     0   -0.8   0   0   0    0   1.8 -1   0   0
     0     0   -0.8 0   0    0    0  1.8  -1  0
     0     0    0  -0.8 0    0    0   0   1.8 -1
     0     0    0   0  -0.8  0    0   0    0  1.8
   ]
b =[200; 0; 0; 0; 0; 0; 0; 0; 0; 20];
x= A\b;
CG1 = x(1);
CG2 = x(2);
CG3 = x(3);
CG4 = x(4);
CG5 = x(5);
CL1 = x(6);
CL2 = x(7);
CL3 = x(8);
CL4 = x(9);
CL5 = x(10);